            1    9.354807949780408         136813358.9892621         4512340.589844166         45463746.04456314         272.0297777205533     
            2    8.147695824926325         120038371.9495898         4512340.589815625         39995919.65356552         214.7645703458611     
            3    7.096345115183901         105743428.6202850         4512340.589854109         35240358.17751738         170.1222513646410     
            4    6.180656926723766         93317488.62943569         4512340.589814430         31107557.78382496         134.9038242448047     
            5    5.383125854822145         82534739.36296569         4512340.589822031         27514182.17814541         107.1715853068664     
            6    4.688505329337191         73121379.64295603         4512340.589780338         24373897.43282351         85.25300940966061     
            7    4.083516142803634         64934387.23970909         4512340.589854814         21635535.98172149         67.93275356775210     
            8    3.556592589015760         57771234.30387462         4512340.589895110         19253985.08487243         54.20061151713075     
            9    3.097661358976256         51570499.40819345         4512340.589871475         17181065.51685997         43.35093859644603     
           10    2.697948967318093         46115655.49303577         4512340.589828884         15371064.63696047         34.71516817532857     
           11    2.349814027729566         41373443.67547737         4512340.589816997         13796815.55340423         27.86952247535259     
           12    2.046601170956400         37266260.32608370         4512340.589796439         12428551.78029678         22.44476768910812     
           13    1.782513812700404         33671459.33833611         4512340.589890282         11240603.02616297         18.11916751924060     
           14    1.552503339091743         30540639.99660352         4512340.589779238         10197980.58245388         14.66324454369268     
           15    1.352172591270047         27795641.73936438         4512340.589913850         9293634.312855238         11.89904100000745     
           16    1.177691803968675         25420070.81938640         4512340.589829906         8507226.881514667         9.692659793314538     
           17    1.025725391082310         23311716.53697167         4512340.589848525         7823612.326496058         7.907729761644579     
           18   0.8933681785620528         21493587.88474551         4512340.589927188         7229802.819653744         6.481580447149366     
           19   0.7780898655888308         19874464.81564949         4512340.589931666         6711385.162101720         5.322135021290083     
           20   0.6776866522775919         18482584.69798965         4512340.589733179         6257927.243903903         4.389726079417543     
           21   0.5902391091689090         17259500.07590974         4512340.589890173         5865006.813647817         3.633196366707323     
           22   0.5140754830901316         16171133.46800100         4512340.589897692         5522711.344072870         3.012931918401563     
           23   0.4477397378964870         15174131.90524879         4512340.589814696         5224272.457699191         2.500186244331918     
           24   0.3899637191202187         14354775.10552748         4512340.589745190         4963784.150020600         2.090175453665820     
           25   0.3396429103934698         13619866.00728109         4512340.589768464         4738391.640305172         1.750631892317722     
           26   0.2958153181753272         12961804.28166335         4512340.589922628         4541233.974369206         1.468704241804627     
           27   0.2576430811178828         12373597.08209810         4512340.589735535         4370384.776206771         1.235090080577480     
           28   0.2243964524936767         11880262.08232647         4512340.589772037         4220807.284830742         1.043597116021606     
           29   0.1954398494732013         11414936.06081593         4512340.589797506         4089911.738913967        0.8822587738133822     
           30   0.1702197025535549         11013581.67446926         4512340.589799422         3976863.053417416        0.7480188378289339     
           31   0.1482538728532000         10657427.53562621         4512340.589785333         3878163.931035744        0.6356015646764375     
           32   0.1291224349610148         10344800.04618509         4512340.589711141         3791539.472128005        0.5416474256488528     
           33   0.1124596491334156         10067303.81584212         4512340.589765050         3716696.296314549        0.4621155982472612     
           34   9.7946969370340420E-002    9817716.710936006         4512340.589911892         3650892.777435079        0.3950118869132757     
           35   8.5306953704009536E-002    9598411.302069144         4512340.589901653         3594663.905334047        0.3383886670335754     
           36   7.4297960282160846E-002    9412566.100037353         4512340.589860417         3545554.534582255        0.2904442257340291     
           37   6.4709527849664675E-002    9220496.358047573         4512340.589895036         3501354.792320929        0.2489780017753464     
           38   5.6358352316206492E-002    9044716.104496844         4512340.589904602         3462914.355299438        0.2136375781665392     
           39   4.9084782493232351E-002    8908456.313232463         4512340.589723313         3429856.282923193        0.1839552674085987     
           40   4.2749768008418579E-002    8802534.098178504         4512340.589892501         3401022.807166481        0.1588122217540396     
           41   3.7232201050301408E-002    8699919.994985387         4512340.589774298         3375903.933376153        0.1371547081409627     
           42   3.2426601124636648E-002    8595358.128469415         4512340.589798017         3354147.498433369        0.1183680893182848     
           43   2.8241098561486974E-002    8508207.792771837         4512340.589821132         3335081.117234626        0.1022993343790161     
           44   2.4595678223315764E-002    8425910.835475033         4512340.589872310         3318499.832409741        8.8428694054677209E-002
           45   2.1420649838683258E-002    8360587.713887691         4512340.589919504         3304233.420863735        7.6543780503542644E-002
           46   1.8655315718591275E-002    8293916.570355355         4512340.589835250         3291783.203810482        6.6282979017488114E-002
           47   1.6246810385927915E-002    8224632.320940729         4512340.589854804         3280993.789204803        5.7342222486475240E-002
           48   1.4149089934963076E-002    8178730.282767999         4512340.589899449         3271412.215775562        4.9752011573054727E-002
           49   1.2322051800266451E-002    8154328.461873551         4512340.589773530         3263336.102315163        4.3265348282488104E-002
           50   1.0730768107484412E-002    8110749.609203146         4512340.589768124         3256126.391082301        3.7521759532123819E-002
           51   9.3448179497803967E-003    8078596.782315736         4512340.589913532         3249713.506820036        3.2586544915247304E-002
           52   8.1377058249263098E-003    8030706.052373221         4512340.589797521         3244143.385122898        2.8229048549799466E-002
           53   7.0863551151838875E-003    8009619.727473616         4512340.589805230         3239235.922942514        2.4546764025444322E-002
           54   6.1706669267237585E-003    7993071.155161720         4512340.589738208         3235028.053901186        2.1355581186346208E-002
           55   5.3731358548221430E-003    7985041.058171941         4512340.589785602         3231296.117814433        1.8594114140502830E-002
           56   4.6785153293371871E-003    7958832.401925637         4512340.589780901         3228010.580599607        1.6151419875549800E-002
           57   4.0735261428036336E-003    7928607.518588197         4512340.589769701         3225286.840944661        1.4024219876922045E-002
           58   3.5466025890157631E-003    7913750.635998652         4512340.589743281         3223005.583489742        1.2195453881716289E-002
           59   3.0876713589762603E-003    7903891.715467406         4512340.589750924         3221040.794266795        1.0616273287851882E-002
           60   2.6879589673180944E-003    7913121.229098808         4512340.589855930         3219165.306373339        9.2621056755571949E-003
           61   2.3398240277295677E-003    7877783.195856383         4512340.589751828         3217482.605920007        8.0332467670890199E-003
           62   2.0366111709564003E-003    7869968.225993787         4512340.589802966         3216189.765131206        6.9912985034758521E-003
           63   1.7725238127004040E-003    7865274.900878448         4512340.589769552         3215076.446991215        6.0858774753064704E-003
           64   1.5425133390917440E-003    7861209.912064945         4512340.589852855         3214003.423767216        5.2975026259889629E-003
           65   1.3421825912700478E-003    7854263.920863792         4512340.589858191         3213025.424990256        4.6111303628408101E-003
           66   1.1677018039686765E-003    7846511.486150485         4512340.589717911         3212261.618408754        4.0141127547570661E-003
           67   1.0157353910823102E-003    7840773.441659644         4512340.589870634         3211565.491565915        3.4936956219383556E-003
           68   8.8337817856205228E-004    7837873.456172694         4512340.589763714         3210947.346990064        3.0412906726754165E-003
           69   7.6809986558882908E-004    7833128.873344225         4512340.589903453         3210448.291829074        2.6475299506361857E-003
           70   6.6769665227759008E-004    7832409.374011734         4512340.589780260         3210009.873855347        2.3062621344072309E-003
           71   5.8024910916890798E-004    7831465.542373435         4512340.589816072         3209596.231274021        2.0086319114430329E-003
           72   5.0408548309013119E-004    7829721.896411365         4512340.589723499         3209238.107056277        1.7492948298805505E-003
           73   4.3774973789648683E-004    7827907.233426197         4512340.589752668         3208941.690853865        1.5234512604718215E-003
           74   3.7997371912021848E-004    7826125.791583476         4512340.589858468         3208655.537809242        1.3266044664397554E-003
           75   3.2965291039346964E-004    7825511.906724050         4512340.589805996         3208419.115724859        1.1554325858690198E-003
           76   2.8582531817532720E-004    7819882.929800818         4512340.589814172         3208232.994469162        1.0056908172071156E-003
           77   2.4765308111788294E-004    7816866.008706984         4512340.589776730         3208055.305284625        8.7573407658790884E-004
           78   2.1440645249367661E-004    7815218.806297867         4512340.589756278         3207895.821247685        7.6263973543973826E-004
           79   1.8544984947320116E-004    7815264.799677134         4512340.589712129         3207750.706461651        6.6422395873075768E-004
           80   1.6022970255355473E-004    7814835.507222041         4512340.589795048         3207655.528656689        5.7848851809648493E-004
           81   1.3826387285319981E-004    7813349.904422704         4512340.589886731         3207568.728661575        5.0376958344399336E-004
           82   1.1913243496101478E-004    7813219.818582354         4512340.589839358         3207465.243874616        4.3878092513873179E-004
           83   1.0246964913341550E-004    7812881.605602638         4512340.589775613         3207377.554014564        3.8215496711325455E-004
           84   8.7956969370340409E-005    7812219.482211910         4512340.589742019         3207311.818569812        3.3282019271360506E-004
           85   7.5316953704009505E-005    7812444.967062380         4512340.589758825         3207266.354149842        2.8988639896172455E-004
           86   6.4307960282160856E-005    7812725.109312501         4512340.589911758         3207224.700509191        2.5249284530852602E-004
           87   5.4719527849664683E-005    7812638.350149009         4512340.589927154         3207201.462898858        2.1991906962373137E-004
           88   4.6368352316206469E-005    7809708.639036373         4512340.589788528         3207182.878419267        1.9147771342529970E-004
           89   3.9094782493232335E-005    7809392.049218677         4512340.589752236         3207147.403606625        1.6676388054430880E-004
           90   3.2759768008418556E-005    7809133.857337172         4512340.589740388         3207107.891532090        1.4524149007633986E-004
           91   2.7242201050301368E-005    7809041.237301023         4512340.589888205         3207066.056693448        1.2649941027618924E-004
           92   2.2436601124636596E-005    7808908.787402424         4512340.589896341         3207035.580000159        1.1015502597939918E-004
           93   1.8251098561486940E-005    7808716.486261360         4512340.589785460         3207020.363705565        9.5926558911222523E-005
           94   1.4605678223315735E-005    7808487.345053539         4512340.589820368         3207007.563231431        8.3545682823590991E-005
           95   1.1430649838683221E-005    7808414.192310609         4512340.589769868         3207009.289435678        7.2764662720171448E-005
           96   8.6653157185912522E-006    7808360.749308763         4512340.589755604         3207002.218975932        6.3375010790706892E-005
           97   6.2568103859279168E-006    7808265.339410439         4512340.589784336         3206989.847077087        5.5196704589150823E-005
           98   4.1590899349630839E-006    7808209.745896977         4512340.589778680         3206966.757887883        4.8074117979241117E-005
           99   2.3320518002664610E-006    7808187.602549375         4512340.589752397         3206959.857197557        4.1870771232748194E-005
          100   7.4076810748441930E-007    7808182.078150566         4512340.589930264         3206960.112136912        3.6467995875564761E-005
