            1    46.27844595505940         13962355.06043986         451.2340587680038         4653629.003338285         242.9025263252723         0.000000000000000         0.000000000000000         0.000000000000000         0.000000000000000     
            2    39.38934495693417         14005479.79441668         451.2340589838778         4668756.772903725         207.4782750960853         0.000000000000000         0.000000000000000         0.000000000000000         0.000000000000000     
            3    33.52576904841182         14015386.82261038         451.2340589817196         4672597.629111261         176.7040713460314         0.000000000000000         0.000000000000000         0.000000000000000         0.000000000000000     
            4    28.53505655278137         13986315.90185186         451.2340589811931         4661553.440570526         150.0634763009017         0.000000000000000         0.000000000000000         0.000000000000000         0.000000000000000     
            5    24.28727131001840         13955790.00626099         451.2340589822670         4652274.856040866         127.4776924906200         0.000000000000000         0.000000000000000         0.000000000000000         0.000000000000000     
            6    20.67181971178812         13946127.75258393         451.2340589818780         4648653.892583115         108.4521705610366         0.000000000000000         0.000000000000000         0.000000000000000         0.000000000000000     
            7    17.59457133125474         13964294.59627955         451.2340589843554         4654243.745075031         92.50577553141983         0.000000000000000         0.000000000000000         0.000000000000000         0.000000000000000     
            8    14.97540818158611         13996004.84983170         451.2340589852379         4665189.245163694         78.98337507035561         0.000000000000000         0.000000000000000         0.000000000000000         0.000000000000000     
            9    12.74613879664522         13967867.67928511         451.2340589805289         4657751.575312425         67.06697035178198         0.000000000000000         0.000000000000000         0.000000000000000         0.000000000000000     
           10    10.84872282572201         13952822.13879466         451.3811991514853         4652296.130458330         57.01509356149030        0.2550089623288144       -0.1471401712637259        8.4899878819169855E-002   8.3362976760205750E-007
           11    9.233759918576556         13948788.83176921         460.6884976505872         4647027.852235839         48.51909719622086         16.38550895393475        -9.454438666420350         5.455211110524543        4.5595935884248265E-005
           12    7.859203558019178         13932460.30527265         511.1592874918627         4643341.130923121         41.25622915469591         103.8565485456761        -59.92522851085511         34.57685685076341        2.4602859636470992E-004
           13    6.689266353895774         13911777.74092589         710.6983230276801         4636684.946330894         35.06747083123120         449.6781005964630        -259.4642640441596         149.7108803534799        9.0680423277433072E-004
           14    5.693488297158199         13891994.58247216         1473.967184957613         4631988.147456356         29.80403435653757         1772.501084879863        -1022.733125975683         590.1170136879673        3.0421942892155645E-003
           15    4.845943715461611         13856027.23060822         3737.321124757840         4617656.849031397         25.30921217953938         5695.124897358696        -3286.087065775963         1896.072236952714        8.3221039922802779E-003
           16    4.124566282907324         13852942.05203644         9192.037257140699         4612088.415761709         21.53913933618682         15148.70571604652        -8740.803198159343         5043.443445337827        1.8843077922660115E-002
           17    3.510574510159596         13794710.64674679         21141.98412439357         4594253.019981630         18.26342531660983         35859.18555531131        -20690.75006541591         11938.56278774469        3.7980444770436869E-002
           18    2.987982757230700         13736315.47913737         42645.88715846428         4568843.660339939         15.48521196113398         73127.64835267114        -42194.65309948494         24346.31483840866        6.5950560712151066E-002
           19    2.543185037862058         13651698.48689874         77714.71690606391         4528594.480357393         13.10627246459590         133905.5161994713        -77263.48284706747         44581.02960278485        0.1028444735433833     
           20    2.164600779601737         13509237.40653693         130861.7744639849         4474554.162237226         11.05289202807288         226014.8013952450        -130410.5404050701         75246.88181363854        0.1479353495028168     
           21    1.842373316731749         13321357.39482280         203551.3348217870         4392422.877350071         9.291869431833307         351993.2422235609        -203100.1007628280         117188.7581402179        0.1964169356430206     
           22    1.568113266129658         13061925.84543210         296615.1006067597         4287642.279539602         7.768785936269445         513282.2643804643        -296163.8665477319         170886.5509984220        0.2442261629137221     
           23    1.334680104702908         12762404.71193156         409994.2372988156         4161949.873791795         6.477197223713296         709779.9016273927        -409543.0032398331         236306.3128686715        0.2881829568677001     
           24    1.135996261634767         12418326.62786058         541032.7287021067         4019502.899036467         5.380516085510894         936883.0063102673        -540581.4946433760         311915.5224088267        0.3247403123945747     
           25   0.9668888852232405         12011106.48906953         683562.5319220586         3863332.927921436         4.446289582659298         1183901.729394743        -683111.2978633679         394155.2188666338        0.3506068275140794     
           26   0.8229551646187820         11586124.13475386         834008.5940277171         3696865.322853622         3.665655619412931         1444640.138592719        -833557.3599685185         480962.5967048880        0.3656479547788505     
           27   0.7004477000323344         11145702.05711176         987340.5920447749         3528979.991243284         3.015125113438196         1710380.169817445        -986889.3579864058         569435.1595541748        0.3701523817613259     
           28   0.5961769369590781         10697117.59088296         1139905.981906724         3364358.717796902         2.474851448957747         1974791.590711877        -1139454.747847566         657465.3895123572        0.3655052522811538     
           29   0.5074281242350430         10248559.15921142         1289397.425564039         3201782.202609100         2.027693580140461         2233875.548535907        -1288946.191506024         743721.9525003938        0.3535806380710935     
           30   0.4318906338803176         9809563.567342794         1432190.803804920         3047292.258675588         1.660806574836236         2481351.074065764        -1431739.569746367         826113.7317377939        0.3360837941458267     
           31   0.3675978025290654         9362719.861174034         1565384.785351223         2904082.864591388         1.356331769703871         2712189.863597851        -1564933.551292441         902966.6590942502        0.3143214221491877     
           32   0.3128757281822844         8954407.172691023         1688697.077997254         2771526.180859370         1.109842390955619         2925902.675842765        -1688245.843937175         974117.8519542562        0.2901177718462215     
           33   0.2662996891764003         8585695.174885454         1800764.441533529         2649770.278013061        0.9103118443687664         3120126.876015532        -1800313.207475198         1038780.720710870        0.2646530903613206     
           34   0.2266570507096948         8221229.365981062         1901981.862130313         2538769.305053219        0.7458082965656831         3295547.015729791        -1901530.628070596         1097183.172405943        0.2391706832793613     
           35   0.1929156931759772         7883549.944707883         1993151.965900334         2441554.809103404        0.6117609341755054         3453554.127909104        -1992700.731841896         1149788.322284070        0.2143957495680840     
           36   0.1641971403184439         7577046.691692734         2073883.272866361         2354834.944682234        0.5027025864259033         3593469.737901780        -2073432.038808473         1196370.286392205        0.1907282987648733     
           37   0.1397536875792718         7288436.775202933         2145493.005891935         2278959.555265188        0.4133867395779945         3717576.727583545        -2145041.771833102         1237689.102370834        0.1686832960139763     
           38   0.1189489351679603         7033604.692283919         2208554.925866459         2210446.795433207        0.3408863401798018         3826869.483148324        -2208103.691807316         1274075.830162683        0.1483765539351476     
           39   0.1012412190153103         6798538.218090170         2263161.750105839         2151664.230878289        0.2816297303845895         3921508.693295646        -2262710.516047710         1305583.967739598        0.1299589294681756     
           40   8.6169508228099351E-002    6590628.628800212         2310600.751255472         2100289.480345401        0.2332688254460377         4003725.333173178        -2310149.517196128         1332956.271441282        0.1133663398086381     
           41   7.3341401876319004E-002    6407309.658537716         2351620.821215319         2055587.020840812        0.1936650527953532         4074817.308796941        -2351169.587156246         1356624.851798331        9.8531177834084382E-002
           42   6.2422912602213297E-002    6231262.129684228         2387417.566192471         2016654.902945360        0.1608423130026910         4136856.728234107        -2386966.332133439         1377279.573630815        8.5424954477979001E-002
           43   5.3129771061317284E-002    6077277.090344699         2418602.119585357         1983396.686241360        0.1338641868993825         4190902.747922237        -2418150.885525896         1395273.060974480        7.3850414306354556E-002
           44   4.5220024801461985E-002    5926219.295570727         2445505.898731580         1954328.532117139        0.1114208662108833         4237529.748283794        -2445054.664672154         1410796.541530101        6.3736991371408230E-002
           45   3.8487738887170178E-002    5816055.103364964         2468383.154429297         1929401.370656149        9.3309161472398067E-002    4277178.371529148        -2467931.920370041         1423996.718072400        5.4896306205026897E-002
           46   3.2757634261462359E-002    5713842.658979938         2488214.216493234         1908095.186541920        7.8198608839090758E-002    4311547.629896073        -2487762.982434048         1435439.240878456        4.7205643799340467E-002
           47   2.7880524251643040E-002    5611836.930712505         2505411.220267554         1889997.294080760        6.5504606104279467E-002    4341351.795840677        -2504959.986208713         1445361.912034722        4.0539815088726776E-002
           48   2.3729430405788253E-002    5527568.240691506         2519703.818335057         1874294.624464291        5.5014802879957518E-002    4366122.329821436        -2519252.584275972         1453608.741105788        3.4764127567343747E-002
           49   2.0196276533433456E-002    5444759.316310751         2532005.543440768         1861091.611364804        4.6206692706028091E-002    4387442.477144455        -2531554.309381860         1460706.836495831        2.9787058642043510E-002
           50   1.7189074877850263E-002    5376479.410182857         2542513.141445773         1849924.392869028        3.8892384050360572E-002    4405653.219024759        -2542061.907386879         1466769.720541373        2.5495696185665061E-002
           51   1.4629531160238234E-002    5313582.460663551         2551518.609271549         1840141.751646819        3.2753173983908757E-002    4421260.615576878        -2551067.375212634         1471965.875479075        2.1802287890674975E-002
           52   1.2451006141736720E-002    5251136.407026611         2559194.456915200         1831867.432301675        2.7587973366662792E-002    4434563.644355061        -2558743.222856288         1476394.839551325        1.8638346328229551E-002
           53   1.0596780631314546E-002    5203885.245883414         2565802.436235822         1824725.751734477        2.3299478189806988E-002    4446015.948285769        -2565351.202176766         1480207.643707328        1.5925001682220413E-002
           54   9.0185787679890050E-003    5157598.662050781         2571504.149362643         1818706.338228777        1.9673639541434466E-002    4455897.600195447        -2571052.915303607         1483497.532133586        1.3597602910376434E-002
           55   7.6753111301507779E-003    5115348.414266106         2576370.310488994         1813340.771890805        1.6621490531182510E-002    4464331.154901547        -2575919.076430059         1486305.307112620        1.1604892885036000E-002
           56   6.5320049481004108E-003    5086586.953007206         2580471.310011117         1808869.562844288        1.4079045029476061E-002    4471438.606525685        -2580020.075952078         1488671.583816732        9.9011122497855621E-003
           57   5.5588935672454091E-003    5063802.668506715         2583950.745524781         1805080.493841249        1.1938859631313170E-002    4477468.824161113        -2583499.511465709         1490679.218115879        8.4451745526300387E-003
           58   4.7306414555920813E-003    5031304.467189169         2586917.625030265         1801718.298336748        1.0101513685670022E-002    4482610.729708191        -2586466.390971227         1492391.107594357        7.1999067324232365E-003
           59   4.0256845781424955E-003    5013987.569048058         2589401.525802812         1799075.815786828        8.5744562201053778E-003    4486915.583414805        -2588950.291743870         1493824.318279334        6.1384852999841902E-003
           60   3.4256689644527770E-003    4992482.303681182         2591552.820101209         1796789.780702330        7.2697205553869789E-003    4490643.996581402        -2591101.586042219         1495065.615166056        5.2311816021167884E-003
           61   2.9149728521261154E-003    4977699.319864539         2593395.189586307         1794781.895024110        6.1710445752321055E-003    4493837.011228144        -2592943.955527331         1496128.662356401        4.4569455451661877E-003
           62   2.4802999649628198E-003    4962473.394736956         2595041.834620196         1793239.629895984        5.2390481211751719E-003    4496690.815569869        -2594590.600561181         1497078.776562430        3.7978447754170989E-003
           63   2.1103333365228875E-003    4961365.076727538         2596418.904379751         1791788.656009138        4.4603877465228146E-003    4499077.418335266        -2595967.670320721         1497873.345765616        3.2358239278348017E-003
           64   1.7954406661921758E-003    4969975.213671097         2597568.549000312         1790513.154106693        3.8040615857844193E-003    4501069.869941483        -2597117.314941338         1498536.690727807        2.7561259363204386E-003
           65   1.5274235365225881E-003    4937082.114227032         2598523.677831380         1789356.306480715        3.2171526923496403E-003    4502725.205795152        -2598072.443772392         1499087.799985896        2.3472900281360826E-003
           66   1.2993039625709833E-003    4930301.780963066         2599377.716018633         1788369.197282751        2.7342711230863028E-003    4504205.341388801        -2598926.481959653         1499580.580123381        1.9983715634010030E-003
           67   1.1051427159222526E-003    4917461.468413203         2600080.500540127         1787638.104155643        2.3218242774671305E-003    4505423.338843891        -2599629.266480755         1499986.086739355        1.7018213735383431E-003
           68   9.3988469335472432E-004    4903147.844987069         2600670.337965016         1787042.363882790        1.9705283902157001E-003    4506445.587272977        -2600219.103906031         1500326.422922774        1.4488780268669679E-003
           69   7.9922730422939386E-004    4898293.916058396         2601195.226190832         1786465.273788041        1.6762216971363264E-003    4507355.272144988        -2600743.992131846         1500629.283432898        1.2339523651951974E-003
           70   6.7950844999059177E-004    4890625.332385684         2601626.245722729         1786052.652853231        1.4247349804053736E-003    4508102.273200382        -2601175.011663788         1500877.981694408        1.0506388148800649E-003
           71   5.7761117925794205E-004    4888254.667674080         2601993.590477507         1785670.211156981        1.2120190329647251E-003    4508738.919289745        -2601542.356418589         1501089.939707699        8.9433595530519412E-004
           72   4.9088253614837829E-004    4886926.246227098         2602294.043351041         1785315.208521910        1.0314963603812581E-003    4509259.634791476        -2601842.809292058         1501263.300933954        7.6142502126884122E-004
           73   4.1706448899614965E-004    4909301.517378243         2602564.138647531         1785019.889423335        8.8210122473294746E-004    4509727.737581564        -2602112.904588513         1501419.145939686        6.4824478127197840E-004
           74   3.5423514115907157E-004    4879440.357103879         2602779.770841543         1784806.569111070        7.4633963074215691E-004    4510101.450409267        -2602328.536782573         1501543.565728230        5.5187762606812409E-004
           75   3.0075869329948595E-004    4872253.221133648         2602983.187212596         1784560.749636392        6.3435171268138820E-004    4510453.991579843        -2602531.953153579         1501660.936992300        4.6979729249333851E-004
           76   2.5524285437824652E-004    4869368.182177570         2603160.903629486         1784393.129735660        5.3961611345880196E-004    4510761.992167030        -2602709.669570497         1501763.479330291        3.9990072863063084E-004
           77   2.1650259253168754E-004    4872319.552035120         2603296.252068328         1784208.561035229        4.5957004697171023E-004    4510996.565033376        -2602845.018009267         1501841.575423284        3.4039128692708680E-004
           78   1.8352928206416088E-004    4864918.354903623         2603427.426212163         1784060.294990594        3.9048239399342750E-004    4511223.903192137        -2602976.192153167         1501917.262856050        2.8967450321896315E-004
           79   1.5546444327979239E-004    4863126.149594806         2603520.992209164         1783954.375651704        3.3222940255266017E-004    4511386.062701206        -2603069.758150218         1501971.250437523        2.4655993698767314E-004
           80   1.3157739145439900E-004    4863983.714896304         2603596.418408743         1783848.136549382        2.8282726205562252E-004    4511516.783895801        -2603145.184349787         1502014.771354831        2.0986582431353125E-004
           81   1.1124621302529520E-004    4865043.742394531         2603665.291933107         1783774.590517474        2.4078811523037637E-004    4511636.148890830        -2603214.057874142         1502054.511424625        1.7863738497395489E-004
           82   9.3941573702805315E-005    4863985.720294878         2603728.677367301         1783709.335967337        2.0491033069722079E-004    4511746.002169247        -2603277.443308355         1502091.084792502        1.5205692096870472E-004
           83   7.9212936938061478E-005    4862770.553321297         2603786.200449097         1783641.386836792        1.7437452581571758E-004    4511845.695633563        -2603334.966390148         1502124.275613942        1.2943254387117500E-004
           84   6.6676833936722110E-005    4861983.322836430         2603838.061105644         1783584.009689650        1.4842304577690181E-004    4511935.575409269        -2603386.827046620         1502154.199204378        1.1018963677704627E-004
           85   5.6006879821459237E-005    4861702.023236105         2603872.075241326         1783526.642391769        1.2631412130439436E-004    4511994.525345322        -2603420.841182302         1502173.825356089        9.3782567683446235E-005
           86   4.6925276008084974E-005    4861640.954039926         2603899.405046863         1783486.353852252        1.0751060492143061E-004    4512041.890890772        -2603448.170987897         1502189.594644169        7.9823641064463095E-005
           87   3.9195577554638372E-005    4860948.334870598         2603929.490914275         1783463.285958603        9.1489900013011456E-005    4512094.032712791        -2603478.256855289         1502206.954168449        6.7939176219849844E-005
           88   3.2616537177075900E-005    4860962.993992785         2603954.822951576         1783451.987612514        7.7870925038795602E-005    4512137.935634006        -2603503.588892566         1502221.570782044        5.7826295801515794E-005
           89   2.7016865656863151E-005    4860877.477338305         2603970.284005440         1783440.005884799        6.6278232054009693E-005    4512164.731210113        -2603519.049946454         1502230.491812143        4.9218817386840290E-005
           90   2.2250772224571542E-005    4865485.172522540         2603990.345221092         1783412.887027055        5.6460308788454961E-005    4512199.499407385        -2603539.111162086         1502242.067140315        4.1888554669304440E-005
           91   1.8194168810721633E-005    4869834.410438336         2604014.193385721         1783402.098341303        4.8095671146939462E-005    4512240.830727528        -2603562.959326710         1502255.827534091        3.5651191862897980E-005
           92   1.4741439339292346E-005    4862229.457100968         2604037.786188130         1783381.101783915        4.0871745854837733E-005    4512281.719465637        -2603586.552129153         1502269.440615143        3.0344077060227729E-005
           93   1.1802689950536492E-005    4862167.224979134         2604044.145327041         1783380.553673311        3.4787046159391065E-005    4512292.740433603        -2603592.911268102         1502273.109830921        2.5827056715007563E-005
           94   9.3014085610224036E-006    4862626.925511013         2604046.175099538         1783372.000058179        2.9611440295183713E-005    4512296.258479621        -2603594.941040542         1502274.280999067        2.1982454059828796E-005
           95   7.1724728261592700E-006    4862768.042924589         2604054.141368534         1783363.799112609        2.5204242512898799E-005    4512310.064630510        -2603602.907309582         1502278.877524388        1.8710225313168539E-005
           96   5.3604546413289459E-006    4862690.060269923         2604058.777822026         1783353.837399465        2.1452015656188108E-005    4512318.100192363        -2603607.543763047         1502281.552776256        1.5925064905265015E-005
           97   3.8181770383054376E-006    4862684.166711039         2604061.945961797         1783351.440254631        1.8258638300253121E-005    4512323.590784604        -2603610.711902827         1502283.380814804        1.3554470167546514E-005
           98   2.5054859049045326E-006    4862692.484402236         2604066.773200598         1783346.796141777        1.5540655317337145E-005    4512331.957044211        -2603615.539141634         1502286.166119745        1.1536751846094542E-005
           99   1.3882045488560313E-006    4862640.965261050         2604069.150754277         1783339.103777374        1.3227119693374822E-005    4512336.077583775        -2603617.916695258         1502287.537923911        9.8193898861116723E-006
          100   4.3724388734882181E-007    4862536.584171841         2604069.534738332         1783334.107256398        1.1257916550907989E-005    4512336.742859469        -2603618.300679375         1502287.759523303        8.3576972014913011E-006
